>CCACMTGAGTTC	7-CCACMTGAGTTC	8.288047	-96.641882	0	T:40.0(32.00%),B:8.4(1.45%),P:1e-41
0.101	0.744	0.107	0.048
0.086	0.842	0.024	0.048
0.645	0.036	0.013	0.306
0.059	0.635	0.095	0.211
0.487	0.465	0.001	0.047
0.307	0.048	0.012	0.633
0.078	0.036	0.803	0.083
0.557	0.001	0.083	0.359
0.048	0.152	0.706	0.094
0.129	0.170	0.064	0.637
0.024	0.145	0.024	0.807
0.164	0.532	0.001	0.303
