>TWASTATKCAWA	13-TWASTATKCAWA	8.064818	-78.286025	0	T:37.0(29.60%),B:10.2(1.75%),P:1e-33
0.374	0.071	0.001	0.554
0.499	0.132	0.001	0.368
0.801	0.087	0.017	0.095
0.016	0.407	0.405	0.172
0.016	0.049	0.001	0.934
0.883	0.001	0.001	0.115
0.196	0.001	0.226	0.577
0.114	0.001	0.429	0.456
0.263	0.487	0.001	0.248
0.965	0.033	0.001	0.001
0.511	0.001	0.001	0.487
0.736	0.001	0.262	0.001
