>AACTHCAGAAAA	17-AACTHCAGAAAA,BestGuess:ZBTB26/MA1579.1/Jaspar(0.681)	10.010395	-60.881446	0	T:17.0(13.60%),B:1.9(0.33%),P:1e-26
0.911	0.001	0.039	0.049
0.806	0.192	0.001	0.001
0.099	0.525	0.292	0.084
0.024	0.024	0.001	0.951
0.292	0.366	0.025	0.317
0.193	0.480	0.243	0.084
0.950	0.001	0.001	0.048
0.108	0.267	0.610	0.015
0.733	0.242	0.001	0.024
0.926	0.024	0.001	0.049
0.950	0.048	0.001	0.001
0.807	0.024	0.001	0.168
