>TGTCCTATTAAT	24-TGTCCTATTAAT	8.151690	-24.353983	0	T:16.0(12.80%),B:8.8(1.52%),P:1e-10
0.060	0.060	0.127	0.753
0.142	0.060	0.791	0.007
0.141	0.001	0.001	0.857
0.262	0.458	0.061	0.219
0.059	0.596	0.344	0.001
0.001	0.201	0.001	0.797
0.939	0.001	0.001	0.059
0.239	0.060	0.060	0.641
0.179	0.001	0.007	0.813
0.602	0.119	0.262	0.017
0.932	0.001	0.001	0.066
0.141	0.001	0.001	0.857
