>GGKGCTRCASGC	20-GGKGCTRCASGC,BestGuess:ZNF165(Zf)/WHIM12-ZNF165-ChIP-Seq(GSE65937)/Homer(0.757)	9.584708	-47.587785	0	T:14.0(11.20%),B:0.4(0.07%),P:1e-20
0.002	0.001	0.774	0.223
0.041	0.020	0.878	0.061
0.004	0.020	0.545	0.431
0.233	0.142	0.584	0.041
0.002	0.506	0.309	0.183
0.213	0.063	0.020	0.704
0.415	0.150	0.392	0.042
0.022	0.773	0.102	0.103
0.785	0.065	0.061	0.089
0.142	0.309	0.404	0.144
0.002	0.043	0.892	0.063
0.081	0.753	0.024	0.142
