>GCSTGYAGCMCC	20-GGKGCTRCASGC	9.584708	-47.587785	0	T:14.0(11.20%),B:0.4(0.07%),P:1e-20
0.142	0.024	0.753	0.081
0.063	0.892	0.043	0.002
0.144	0.404	0.309	0.142
0.089	0.061	0.065	0.785
0.103	0.102	0.773	0.022
0.042	0.392	0.150	0.415
0.704	0.020	0.063	0.213
0.183	0.309	0.506	0.002
0.041	0.584	0.142	0.233
0.431	0.545	0.020	0.004
0.061	0.878	0.020	0.041
0.223	0.774	0.001	0.002
