>GRVARRGGTADT	12-AHTACCYYTBYC	5.686019	-84.331326	0	T:22.0(17.60%),B:0.0(0.00%),P:1e-36
0.038	0.203	0.615	0.144
0.401	0.049	0.476	0.075
0.343	0.301	0.295	0.062
0.546	0.037	0.155	0.262
0.507	0.037	0.360	0.096
0.308	0.143	0.418	0.131
0.264	0.249	0.424	0.063
0.188	0.192	0.489	0.131
0.061	0.179	0.213	0.547
0.546	0.155	0.121	0.178
0.294	0.086	0.319	0.301
0.201	0.143	0.225	0.431
