>ATTGGAAAAADC	16-GHTTTTTCCAAT	10.140976	-69.252587	0	T:22.0(17.60%),B:2.1(0.36%),P:1e-30
0.942	0.001	0.001	0.056
0.153	0.016	0.001	0.830
0.131	0.001	0.234	0.634
0.084	0.040	0.517	0.359
0.269	0.017	0.600	0.114
0.913	0.017	0.003	0.067
0.982	0.001	0.016	0.001
0.607	0.001	0.033	0.359
0.965	0.001	0.033	0.001
0.912	0.084	0.001	0.003
0.292	0.017	0.299	0.392
0.067	0.814	0.039	0.080
