>AHTACCYYTBYC	12-AHTACCYYTBYC,BestGuess:GFY(?)/Promoter/Homer(0.610)	5.686019	-84.331326	0	T:22.0(17.60%),B:0.0(0.00%),P:1e-36
0.431	0.225	0.143	0.201
0.301	0.319	0.086	0.294
0.178	0.121	0.155	0.546
0.547	0.213	0.179	0.061
0.131	0.489	0.192	0.188
0.063	0.424	0.249	0.264
0.131	0.418	0.143	0.308
0.096	0.360	0.037	0.507
0.262	0.155	0.037	0.546
0.062	0.295	0.301	0.343
0.075	0.476	0.049	0.401
0.144	0.615	0.203	0.038
