>ACCAATKTGTTC	11-ACCAATKTGTTC	8.146755	-84.331326	0	T:22.0(17.60%),B:0.0(0.00%),P:1e-36
0.708	0.050	0.056	0.186
0.153	0.658	0.059	0.130
0.080	0.699	0.030	0.191
0.823	0.042	0.035	0.100
0.471	0.257	0.056	0.216
0.208	0.014	0.105	0.673
0.129	0.063	0.411	0.397
0.047	0.014	0.072	0.867
0.143	0.038	0.654	0.165
0.093	0.084	0.146	0.677
0.072	0.194	0.050	0.684
0.110	0.680	0.053	0.157
